0	1	0	1
0	2	0	1
0	3	0	1
0	4	0	1
0	5	0	1
0	6	0	1
0	7	0	1
0	8	0	1
0	9	0	1
0	10	0	1
1	0	0	1
1	2	0	1
1	3	0	1
1	4	0	1
1	5	0	1
1	6	0	1
1	7	0	1
1	8	0	1
1	9	0	1
1	10	0	1
2	0	0	1
2	1	0	1
2	3	0	1
2	4	0	1
2	5	0	1
2	6	0	1
2	7	0	1
2	8	0	1
2	9	0	1
2	10	0	1
3	0	0	1
3	1	0	1
3	2	0	1
3	4	0	1
3	5	0	1
3	6	0	1
3	7	0	1
3	8	0	1
3	9	0	1
3	10	0	1
4	0	0	1
4	1	0	1
4	2	0	1
4	3	0	1
4	5	0	1
4	6	0	1
4	7	0	1
4	8	0	1
4	9	0	1
4	10	0	1
5	0	0	1
5	1	0	1
5	2	0	1
5	3	0	1
5	4	0	1
5	6	0	1
5	7	0	1
5	8	0	1
5	9	0	1
5	10	0	1
6	0	0	1
6	1	0	1
6	2	0	1
6	3	0	1
6	4	0	1
6	5	0	1
6	7	0	1
6	8	0	1
6	9	0	1
6	10	0	1
7	0	0	1
7	1	0	1
7	2	0	1
7	3	0	1
7	4	0	1
7	5	0	1
7	6	0	1
7	8	0	1
7	9	0	1
7	10	0	1
8	0	0	1
8	1	0	1
8	2	0	1
8	3	0	1
8	4	0	1
8	5	0	1
8	6	0	1
8	7	0	1
8	9	0	1
8	10	0	1
9	0	0	1
9	1	0	1
9	2	0	1
9	3	0	1
9	4	0	1
9	5	0	1
9	6	0	1
9	7	0	1
9	8	0	1
9	10	0	1
10	0	0	1
10	1	0	1
10	2	0	1
10	3	0	1
10	4	0	1
10	5	0	1
10	6	0	1
10	7	0	1
10	8	0	1
10	9	0	1
100	101	1	1
100	102	1	2
100	103	1	2
101	100	1	1
101	102	1	1
101	103	1	1
102	100	1	2
102	101	1	1
102	103	1	2
103	100	1	2
103	101	1	1
103	102	1	2
100	0	2	1
0	100	3	1
100	1	2	1
1	100	3	1
100	2	2	1
2	100	3	1
100	3	2	1
3	100	3	1
100	4	2	1
4	100	3	1
100	5	2	1
5	100	3	1
100	6	2	1
6	100	3	1
100	7	2	1
7	100	3	1
100	8	2	1
8	100	3	1
100	9	2	1
9	100	3	1
100	10	2	1
10	100	3	1
100	241	4	1
241	100	5	1
100	249	6	3
249	100	7	3
101	0	2	1
0	101	3	1
101	1	2	1
1	101	3	1
101	2	2	1
2	101	3	1
101	3	2	1
3	101	3	1
101	4	2	1
4	101	3	1
101	5	2	1
5	101	3	1
101	6	2	1
6	101	3	1
101	7	2	1
7	101	3	1
101	8	2	1
8	101	3	1
101	9	2	1
9	101	3	1
101	10	2	1
10	101	3	1
101	241	4	1
241	101	5	1
101	249	6	1
249	101	7	1
102	0	2	1
0	102	3	1
102	1	2	1
1	102	3	1
102	2	2	1
2	102	3	1
102	3	2	1
3	102	3	1
102	4	2	1
4	102	3	1
102	5	2	1
5	102	3	1
102	6	2	1
6	102	3	1
102	7	2	1
7	102	3	1
102	8	2	1
8	102	3	1
102	9	2	1
9	102	3	1
102	10	2	1
10	102	3	1
102	241	4	1
241	102	5	1
102	249	6	2
249	102	7	2
103	0	2	1
0	103	3	1
103	1	2	1
1	103	3	1
103	2	2	1
2	103	3	1
103	3	2	1
3	103	3	1
103	4	2	1
4	103	3	1
103	5	2	1
5	103	3	1
103	6	2	1
6	103	3	1
103	7	2	1
7	103	3	1
103	8	2	1
8	103	3	1
103	9	2	1
9	103	3	1
103	10	2	1
10	103	3	1
103	241	4	14
241	103	5	14
103	249	6	19
249	103	7	19
11	12	0	1
11	13	0	1
11	14	0	1
12	11	0	1
12	13	0	1
12	14	0	1
13	11	0	1
13	12	0	1
13	14	0	1
14	11	0	1
14	12	0	1
14	13	0	1
104	105	1	1
104	106	1	1
104	107	1	1
105	104	1	1
105	106	1	1
105	107	1	1
106	104	1	1
106	105	1	1
106	107	1	3
107	104	1	1
107	105	1	1
107	106	1	3
104	11	2	1
11	104	3	1
104	12	2	1
12	104	3	1
104	13	2	1
13	104	3	1
104	14	2	1
14	104	3	1
104	242	4	1
242	104	5	1
104	249	6	1
249	104	7	1
105	11	2	1
11	105	3	1
105	12	2	1
12	105	3	1
105	13	2	1
13	105	3	1
105	14	2	2
14	105	3	2
105	242	4	2
242	105	5	2
105	249	6	3
249	105	7	3
106	11	2	2
11	106	3	2
106	12	2	1
12	106	3	1
106	13	2	1
13	106	3	1
106	14	2	1
14	106	3	1
106	242	4	3
242	106	5	3
106	249	6	2
249	106	7	2
107	11	2	2
11	107	3	2
107	12	2	1
12	107	3	1
107	13	2	1
13	107	3	1
107	14	2	1
14	107	3	1
107	242	4	5
242	107	5	5
107	249	6	5
249	107	7	5
15	16	0	2
16	15	0	2
108	109	1	1
108	110	1	1
108	111	1	1
108	112	1	1
108	113	1	1
109	108	1	1
109	110	1	1
109	111	1	1
109	112	1	1
109	113	1	1
110	108	1	1
110	109	1	1
110	111	1	1
110	112	1	1
110	113	1	1
111	108	1	1
111	109	1	1
111	110	1	1
111	112	1	1
111	113	1	1
112	108	1	1
112	109	1	1
112	110	1	1
112	111	1	1
112	113	1	1
113	108	1	1
113	109	1	1
113	110	1	1
113	111	1	1
113	112	1	1
108	15	2	1
15	108	3	1
108	16	2	1
16	108	3	1
108	242	4	1
242	108	5	1
108	249	6	1
249	108	7	1
109	15	2	1
15	109	3	1
109	16	2	1
16	109	3	1
109	242	4	1
242	109	5	1
109	249	6	1
249	109	7	1
110	15	2	1
15	110	3	1
110	16	2	1
16	110	3	1
110	242	4	1
242	110	5	1
110	249	6	1
249	110	7	1
111	15	2	1
15	111	3	1
111	16	2	1
16	111	3	1
111	242	4	1
242	111	5	1
111	249	6	1
249	111	7	1
112	15	2	1
15	112	3	1
112	16	2	1
16	112	3	1
112	242	4	1
242	112	5	1
112	249	6	1
249	112	7	1
113	15	2	1
15	113	3	1
113	16	2	1
16	113	3	1
113	242	4	1
242	113	5	1
113	249	6	1
249	113	7	1
11	17	0	1
17	11	0	1
114	106	1	1
114	107	1	2
106	114	1	1
107	114	1	2
114	11	2	1
11	114	3	1
114	17	2	1
17	114	3	1
114	242	4	1
242	114	5	1
114	249	6	2
249	114	7	2
106	17	2	1
17	106	3	1
107	17	2	1
17	107	3	1
18	19	0	1
18	20	0	1
18	21	0	2
18	22	0	1
19	18	0	1
19	20	0	1
19	21	0	1
19	22	0	1
20	18	0	1
20	19	0	1
20	21	0	1
20	22	0	1
21	18	0	2
21	19	0	1
21	20	0	1
21	22	0	1
22	18	0	1
22	19	0	1
22	20	0	1
22	21	0	1
115	116	1	2
115	117	1	2
116	115	1	2
116	117	1	2
117	115	1	2
117	116	1	2
115	18	2	2
18	115	3	2
115	19	2	1
19	115	3	1
115	20	2	1
20	115	3	1
115	21	2	2
21	115	3	2
115	22	2	1
22	115	3	1
115	243	4	2
243	115	5	2
115	250	6	2
250	115	7	2
116	18	2	2
18	116	3	2
116	19	2	1
19	116	3	1
116	20	2	1
20	116	3	1
116	21	2	2
21	116	3	2
116	22	2	1
22	116	3	1
116	243	4	2
243	116	5	2
116	250	6	2
250	116	7	2
117	18	2	2
18	117	3	2
117	19	2	1
19	117	3	1
117	20	2	1
20	117	3	1
117	21	2	2
21	117	3	2
117	22	2	1
22	117	3	1
117	243	4	2
243	117	5	2
117	250	6	2
250	117	7	2
118	119	1	1
118	120	1	1
118	121	1	1
118	122	1	1
118	100	1	1
118	123	1	1
119	118	1	1
119	120	1	1
119	121	1	1
119	122	1	1
119	100	1	1
119	123	1	1
120	118	1	1
120	119	1	1
120	121	1	1
120	122	1	1
120	100	1	1
120	123	1	1
121	118	1	1
121	119	1	1
121	120	1	1
121	122	1	1
121	100	1	1
121	123	1	1
122	118	1	1
122	119	1	1
122	120	1	1
122	121	1	1
122	100	1	1
122	123	1	1
100	118	1	1
100	119	1	1
100	120	1	1
100	121	1	1
100	122	1	1
100	123	1	1
123	118	1	1
123	119	1	1
123	120	1	1
123	121	1	1
123	122	1	1
123	100	1	1
118	23	2	1
23	118	3	1
118	244	4	1
244	118	5	1
118	249	6	1
249	118	7	1
119	23	2	1
23	119	3	1
119	244	4	1
244	119	5	1
119	249	6	1
249	119	7	1
120	23	2	1
23	120	3	1
120	244	4	1
244	120	5	1
120	249	6	1
249	120	7	1
121	23	2	1
23	121	3	1
121	244	4	1
244	121	5	1
121	249	6	1
249	121	7	1
122	23	2	1
23	122	3	1
122	244	4	1
244	122	5	1
122	249	6	1
249	122	7	1
100	23	2	1
23	100	3	1
100	244	4	1
244	100	5	1
123	23	2	1
23	123	3	1
123	244	4	1
244	123	5	1
123	249	6	1
249	123	7	1
24	25	0	1
24	26	0	1
24	27	0	1
24	19	0	1
24	28	0	1
24	29	0	1
24	30	0	1
24	31	0	1
25	24	0	1
25	26	0	1
25	27	0	1
25	19	0	1
25	28	0	2
25	29	0	1
25	30	0	1
25	31	0	2
26	24	0	1
26	25	0	1
26	27	0	1
26	19	0	1
26	28	0	1
26	29	0	1
26	30	0	1
26	31	0	1
27	24	0	1
27	25	0	1
27	26	0	1
27	19	0	1
27	28	0	3
27	29	0	1
27	30	0	1
27	31	0	1
19	24	0	1
19	25	0	1
19	26	0	1
19	27	0	1
19	28	0	2
19	29	0	1
19	30	0	1
19	31	0	1
28	24	0	1
28	25	0	2
28	26	0	1
28	27	0	3
28	19	0	2
28	29	0	1
28	30	0	1
28	31	0	3
29	24	0	1
29	25	0	1
29	26	0	1
29	27	0	1
29	19	0	1
29	28	0	1
29	30	0	1
29	31	0	1
30	24	0	1
30	25	0	1
30	26	0	1
30	27	0	1
30	19	0	1
30	28	0	1
30	29	0	1
30	31	0	1
31	24	0	1
31	25	0	2
31	26	0	1
31	27	0	1
31	19	0	1
31	28	0	3
31	29	0	1
31	30	0	1
124	125	1	3
124	103	1	7
125	124	1	3
125	103	1	4
103	124	1	7
103	125	1	4
124	24	2	1
24	124	3	1
124	25	2	4
25	124	3	4
124	26	2	1
26	124	3	1
124	27	2	2
27	124	3	2
124	19	2	1
19	124	3	1
124	28	2	4
28	124	3	4
124	29	2	1
29	124	3	1
124	30	2	1
30	124	3	1
124	31	2	1
31	124	3	1
124	242	4	5
242	124	5	5
124	250	6	6
250	124	7	6
125	24	2	1
24	125	3	1
125	25	2	1
25	125	3	1
125	26	2	1
26	125	3	1
125	27	2	1
27	125	3	1
125	19	2	2
19	125	3	2
125	28	2	3
28	125	3	3
125	29	2	2
29	125	3	2
125	30	2	1
30	125	3	1
125	31	2	1
31	125	3	1
125	242	4	3
242	125	5	3
125	250	6	4
250	125	7	4
103	24	2	2
24	103	3	2
103	25	2	5
25	103	3	5
103	26	2	2
26	103	3	2
103	27	2	2
27	103	3	2
103	19	2	2
19	103	3	2
103	28	2	11
28	103	3	11
103	29	2	1
29	103	3	1
103	30	2	1
30	103	3	1
103	31	2	3
31	103	3	3
103	242	4	7
242	103	5	7
103	250	6	9
250	103	7	9
26	32	0	1
32	26	0	1
126	127	1	2
126	128	1	1
126	129	1	1
127	126	1	2
127	128	1	1
127	129	1	1
128	126	1	1
128	127	1	1
128	129	1	1
129	126	1	1
129	127	1	1
129	128	1	1
126	26	2	1
26	126	3	1
126	32	2	2
32	126	3	2
126	245	4	2
245	126	5	2
126	250	6	1
250	126	7	1
127	26	2	1
26	127	3	1
127	32	2	2
32	127	3	2
127	245	4	2
245	127	5	2
127	250	6	1
250	127	7	1
128	26	2	1
26	128	3	1
128	32	2	1
32	128	3	1
128	245	4	1
245	128	5	1
128	250	6	1
250	128	7	1
129	26	2	1
26	129	3	1
129	32	2	1
32	129	3	1
129	245	4	1
245	129	5	1
129	250	6	1
250	129	7	1
33	34	0	1
33	35	0	1
33	36	0	1
33	37	0	1
33	38	0	1
34	33	0	1
34	35	0	2
34	36	0	2
34	37	0	1
34	38	0	2
35	33	0	1
35	34	0	2
35	36	0	1
35	37	0	1
35	38	0	1
36	33	0	1
36	34	0	2
36	35	0	1
36	37	0	1
36	38	0	3
37	33	0	1
37	34	0	1
37	35	0	1
37	36	0	1
37	38	0	1
38	33	0	1
38	34	0	2
38	35	0	1
38	36	0	3
38	37	0	1
124	33	2	2
33	124	3	2
124	34	2	2
34	124	3	2
124	35	2	1
35	124	3	1
124	36	2	1
36	124	3	1
124	37	2	1
37	124	3	1
124	38	2	1
38	124	3	1
125	33	2	1
33	125	3	1
125	34	2	3
34	125	3	3
125	35	2	1
35	125	3	1
125	36	2	1
36	125	3	1
125	37	2	1
37	125	3	1
125	38	2	1
38	125	3	1
103	33	2	2
33	103	3	2
103	34	2	2
34	103	3	2
103	35	2	1
35	103	3	1
103	36	2	1
36	103	3	1
103	37	2	1
37	103	3	1
103	38	2	1
38	103	3	1
39	40	0	1
40	39	0	1
130	131	1	1
130	132	1	1
131	130	1	1
131	132	1	1
132	130	1	1
132	131	1	1
130	39	2	2
39	130	3	2
130	40	2	1
40	130	3	1
130	241	4	7
241	130	5	7
130	249	6	11
249	130	7	11
131	39	2	1
39	131	3	1
131	40	2	1
40	131	3	1
131	241	4	1
241	131	5	1
131	249	6	1
249	131	7	1
132	39	2	1
39	132	3	1
132	40	2	1
40	132	3	1
132	241	4	1
241	132	5	1
132	249	6	1
249	132	7	1
25	33	0	1
25	41	0	1
25	17	0	1
33	25	0	1
33	41	0	1
33	17	0	1
41	25	0	1
41	33	0	1
41	17	0	1
17	25	0	1
17	33	0	1
17	41	0	1
133	134	1	2
133	135	1	1
133	136	1	2
133	130	1	2
133	124	1	1
133	103	1	1
134	133	1	2
134	135	1	1
134	136	1	2
134	130	1	1
134	124	1	1
134	103	1	1
135	133	1	1
135	134	1	1
135	136	1	1
135	130	1	1
135	124	1	1
135	103	1	1
136	133	1	2
136	134	1	2
136	135	1	1
136	130	1	1
136	124	1	1
136	103	1	1
130	133	1	2
130	134	1	1
130	135	1	1
130	136	1	1
130	124	1	1
130	103	1	4
124	133	1	1
124	134	1	1
124	135	1	1
124	136	1	1
124	130	1	1
103	133	1	1
103	134	1	1
103	135	1	1
103	136	1	1
103	130	1	4
133	25	2	1
25	133	3	1
133	33	2	1
33	133	3	1
133	41	2	1
41	133	3	1
133	17	2	1
17	133	3	1
133	242	4	1
242	133	5	1
133	250	6	2
250	133	7	2
134	25	2	1
25	134	3	1
134	33	2	1
33	134	3	1
134	41	2	1
41	134	3	1
134	17	2	1
17	134	3	1
134	242	4	1
242	134	5	1
134	250	6	2
250	134	7	2
135	25	2	1
25	135	3	1
135	33	2	1
33	135	3	1
135	41	2	1
41	135	3	1
135	17	2	1
17	135	3	1
135	242	4	1
242	135	5	1
135	250	6	1
250	135	7	1
136	25	2	1
25	136	3	1
136	33	2	1
33	136	3	1
136	41	2	1
41	136	3	1
136	17	2	1
17	136	3	1
136	242	4	1
242	136	5	1
136	250	6	2
250	136	7	2
130	25	2	2
25	130	3	2
130	33	2	1
33	130	3	1
130	41	2	2
41	130	3	2
130	17	2	1
17	130	3	1
130	242	4	3
242	130	5	3
130	250	6	4
250	130	7	4
124	41	2	1
41	124	3	1
124	17	2	1
17	124	3	1
103	41	2	1
41	103	3	1
103	17	2	1
17	103	3	1
42	43	0	1
42	44	0	1
42	31	0	1
42	45	0	1
43	42	0	1
43	44	0	1
43	31	0	1
43	45	0	1
44	42	0	1
44	43	0	1
44	31	0	1
44	45	0	1
31	42	0	1
31	43	0	1
31	44	0	1
31	45	0	1
45	42	0	1
45	43	0	1
45	44	0	1
45	31	0	1
137	138	1	1
137	139	1	1
137	140	1	1
138	137	1	1
138	139	1	1
138	140	1	1
139	137	1	1
139	138	1	1
139	140	1	1
140	137	1	1
140	138	1	1
140	139	1	1
137	42	2	1
42	137	3	1
137	43	2	1
43	137	3	1
137	44	2	1
44	137	3	1
137	31	2	1
31	137	3	1
137	45	2	1
45	137	3	1
137	241	4	1
241	137	5	1
137	250	6	1
250	137	7	1
138	42	2	1
42	138	3	1
138	43	2	1
43	138	3	1
138	44	2	1
44	138	3	1
138	31	2	1
31	138	3	1
138	45	2	1
45	138	3	1
138	241	4	1
241	138	5	1
138	250	6	1
250	138	7	1
139	42	2	1
42	139	3	1
139	43	2	1
43	139	3	1
139	44	2	1
44	139	3	1
139	31	2	1
31	139	3	1
139	45	2	1
45	139	3	1
139	241	4	1
241	139	5	1
139	250	6	1
250	139	7	1
140	42	2	1
42	140	3	1
140	43	2	1
43	140	3	1
140	44	2	1
44	140	3	1
140	31	2	1
31	140	3	1
140	45	2	1
45	140	3	1
140	241	4	1
241	140	5	1
140	250	6	1
250	140	7	1
141	142	1	2
141	143	1	1
141	144	1	1
141	145	1	1
141	146	1	1
142	141	1	2
142	143	1	1
142	144	1	1
142	145	1	1
142	146	1	1
143	141	1	1
143	142	1	1
143	144	1	1
143	145	1	1
143	146	1	1
144	141	1	1
144	142	1	1
144	143	1	1
144	145	1	1
144	146	1	1
145	141	1	1
145	142	1	1
145	143	1	1
145	144	1	1
145	146	1	1
146	141	1	1
146	142	1	1
146	143	1	1
146	144	1	1
146	145	1	1
141	242	4	1
242	141	5	1
141	251	6	1
251	141	7	1
142	242	4	1
242	142	5	1
142	251	6	1
251	142	7	1
143	242	4	1
242	143	5	1
143	251	6	1
251	143	7	1
144	242	4	1
242	144	5	1
144	251	6	1
251	144	7	1
145	242	4	1
242	145	5	1
145	251	6	1
251	145	7	1
146	242	4	1
242	146	5	1
146	251	6	1
251	146	7	1
130	147	1	5
130	148	1	1
147	130	1	5
147	148	1	1
148	130	1	1
148	147	1	1
130	28	2	5
28	130	3	5
147	28	2	3
28	147	3	3
147	241	4	1
241	147	5	1
147	250	6	1
250	147	7	1
148	28	2	1
28	148	3	1
148	241	4	1
241	148	5	1
148	250	6	1
250	148	7	1
46	47	0	1
46	34	0	1
46	48	0	1
46	36	0	1
46	49	0	1
46	50	0	1
46	38	0	1
47	46	0	1
47	34	0	1
47	48	0	1
47	36	0	1
47	49	0	1
47	50	0	1
47	38	0	1
34	46	0	1
34	47	0	1
34	48	0	1
34	49	0	1
34	50	0	1
48	46	0	1
48	47	0	1
48	34	0	1
48	36	0	1
48	49	0	1
48	50	0	1
48	38	0	2
36	46	0	1
36	47	0	1
36	48	0	1
36	49	0	1
36	50	0	1
49	46	0	1
49	47	0	1
49	34	0	1
49	48	0	1
49	36	0	1
49	50	0	1
49	38	0	1
50	46	0	1
50	47	0	1
50	34	0	1
50	48	0	1
50	36	0	1
50	49	0	1
50	38	0	1
38	46	0	1
38	47	0	1
38	48	0	2
38	49	0	1
38	50	0	1
149	150	1	1
149	107	1	1
150	149	1	1
150	107	1	1
107	149	1	1
107	150	1	1
149	46	2	1
46	149	3	1
149	47	2	1
47	149	3	1
149	34	2	1
34	149	3	1
149	48	2	1
48	149	3	1
149	36	2	1
36	149	3	1
149	49	2	1
49	149	3	1
149	50	2	1
50	149	3	1
149	38	2	1
38	149	3	1
149	242	4	1
242	149	5	1
149	250	6	1
250	149	7	1
150	46	2	1
46	150	3	1
150	47	2	1
47	150	3	1
150	34	2	1
34	150	3	1
150	48	2	1
48	150	3	1
150	36	2	1
36	150	3	1
150	49	2	1
49	150	3	1
150	50	2	1
50	150	3	1
150	38	2	1
38	150	3	1
150	242	4	2
242	150	5	2
150	250	6	1
250	150	7	1
107	46	2	1
46	107	3	1
107	47	2	2
47	107	3	2
107	34	2	2
34	107	3	2
107	48	2	1
48	107	3	1
107	36	2	2
36	107	3	2
107	49	2	2
49	107	3	2
107	50	2	1
50	107	3	1
107	38	2	2
38	107	3	2
107	250	6	3
250	107	7	3
51	52	0	1
51	53	0	1
52	51	0	1
52	53	0	2
53	51	0	1
53	52	0	2
151	152	1	1
151	153	1	1
152	151	1	1
152	153	1	1
153	151	1	1
153	152	1	1
151	51	2	1
51	151	3	1
151	52	2	1
52	151	3	1
151	53	2	1
53	151	3	1
151	241	4	1
241	151	5	1
151	249	6	1
249	151	7	1
152	51	2	1
51	152	3	1
152	52	2	2
52	152	3	2
152	53	2	1
53	152	3	1
152	241	4	3
241	152	5	3
152	249	6	3
249	152	7	3
153	51	2	1
51	153	3	1
153	52	2	1
52	153	3	1
153	53	2	1
53	153	3	1
153	241	4	1
241	153	5	1
153	249	6	1
249	153	7	1
103	251	6	5
251	103	7	5
130	31	2	3
31	130	3	3
130	251	6	3
251	130	7	3
54	55	0	1
54	28	0	2
55	54	0	1
55	28	0	1
28	54	0	2
28	55	0	1
154	155	1	1
154	128	1	1
154	156	1	1
154	157	1	1
154	103	1	3
154	158	1	2
155	154	1	1
155	128	1	1
155	156	1	1
155	157	1	1
155	103	1	1
155	158	1	1
128	154	1	1
128	155	1	1
128	156	1	1
128	157	1	1
128	103	1	1
128	158	1	1
156	154	1	1
156	155	1	1
156	128	1	1
156	157	1	1
156	103	1	1
156	158	1	1
157	154	1	1
157	155	1	1
157	128	1	1
157	156	1	1
157	103	1	3
157	158	1	1
103	154	1	3
103	155	1	1
103	128	1	1
103	156	1	1
103	157	1	3
103	158	1	3
158	154	1	2
158	155	1	1
158	128	1	1
158	156	1	1
158	157	1	1
158	103	1	3
154	54	2	1
54	154	3	1
154	55	2	1
55	154	3	1
154	28	2	1
28	154	3	1
154	242	4	1
242	154	5	1
154	249	6	3
249	154	7	3
155	54	2	1
54	155	3	1
155	55	2	1
55	155	3	1
155	28	2	1
28	155	3	1
155	242	4	1
242	155	5	1
155	249	6	1
249	155	7	1
128	54	2	1
54	128	3	1
128	55	2	1
55	128	3	1
128	28	2	1
28	128	3	1
128	242	4	1
242	128	5	1
128	249	6	1
249	128	7	1
156	54	2	1
54	156	3	1
156	55	2	1
55	156	3	1
156	28	2	1
28	156	3	1
156	242	4	1
242	156	5	1
156	249	6	1
249	156	7	1
157	54	2	1
54	157	3	1
157	55	2	1
55	157	3	1
157	28	2	1
28	157	3	1
157	242	4	1
242	157	5	1
157	249	6	3
249	157	7	3
103	54	2	2
54	103	3	2
103	55	2	2
55	103	3	2
158	54	2	2
54	158	3	2
158	55	2	1
55	158	3	1
158	28	2	2
28	158	3	2
158	242	4	1
242	158	5	1
158	249	6	3
249	158	7	3
5	56	0	1
56	5	0	1
159	160	1	1
159	161	1	1
160	159	1	1
160	161	1	1
161	159	1	1
161	160	1	1
159	5	2	1
5	159	3	1
159	56	2	1
56	159	3	1
159	241	4	2
241	159	5	2
159	250	6	1
250	159	7	1
160	5	2	1
5	160	3	1
160	56	2	1
56	160	3	1
160	241	4	1
241	160	5	1
160	250	6	1
250	160	7	1
161	5	2	1
5	161	3	1
161	56	2	1
56	161	3	1
161	241	4	1
241	161	5	1
161	250	6	1
250	161	7	1
38	57	0	1
57	38	0	1
57	36	0	1
36	57	0	1
162	106	1	1
162	107	1	1
162	163	1	1
106	162	1	1
106	163	1	1
107	162	1	1
107	163	1	1
163	162	1	1
163	106	1	1
163	107	1	1
162	38	2	1
38	162	3	1
162	57	2	1
57	162	3	1
162	36	2	1
36	162	3	1
162	242	4	1
242	162	5	1
162	250	6	1
250	162	7	1
106	38	2	1
38	106	3	1
106	57	2	1
57	106	3	1
106	36	2	1
36	106	3	1
106	250	6	1
250	106	7	1
107	57	2	1
57	107	3	1
163	38	2	1
38	163	3	1
163	57	2	1
57	163	3	1
163	36	2	1
36	163	3	1
163	242	4	1
242	163	5	1
163	250	6	1
250	163	7	1
103	164	1	1
103	165	1	1
103	166	1	1
103	167	1	1
130	164	1	1
130	165	1	1
130	166	1	1
130	167	1	1
164	103	1	1
164	130	1	1
164	165	1	1
164	166	1	1
164	167	1	1
165	103	1	1
165	130	1	1
165	164	1	1
165	166	1	1
165	167	1	1
166	103	1	1
166	130	1	1
166	164	1	1
166	165	1	1
166	167	1	1
167	103	1	1
167	130	1	1
167	164	1	1
167	165	1	1
167	166	1	1
103	58	2	2
58	103	3	2
130	58	2	1
58	130	3	1
164	58	2	1
58	164	3	1
164	241	4	1
241	164	5	1
164	251	6	1
251	164	7	1
165	58	2	1
58	165	3	1
165	241	4	1
241	165	5	1
165	251	6	1
251	165	7	1
166	58	2	1
58	166	3	1
166	241	4	1
241	166	5	1
166	251	6	1
251	166	7	1
167	58	2	1
58	167	3	1
167	241	4	1
241	167	5	1
167	251	6	1
251	167	7	1
59	60	0	1
59	26	0	1
60	59	0	1
60	26	0	1
26	59	0	1
26	60	0	1
168	169	1	1
168	170	1	1
168	171	1	1
169	168	1	1
169	170	1	1
169	171	1	1
170	168	1	1
170	169	1	1
170	171	1	1
171	168	1	1
171	169	1	1
171	170	1	1
168	59	2	1
59	168	3	1
168	60	2	1
60	168	3	1
168	26	2	1
26	168	3	1
168	246	4	1
246	168	5	1
168	249	6	1
249	168	7	1
169	59	2	1
59	169	3	1
169	60	2	1
60	169	3	1
169	26	2	1
26	169	3	1
169	246	4	1
246	169	5	1
169	249	6	1
249	169	7	1
170	59	2	1
59	170	3	1
170	60	2	1
60	170	3	1
170	26	2	1
26	170	3	1
170	246	4	1
246	170	5	1
170	249	6	2
249	170	7	2
171	59	2	1
59	171	3	1
171	60	2	1
60	171	3	1
171	26	2	1
26	171	3	1
171	246	4	1
246	171	5	1
171	249	6	1
249	171	7	1
172	173	1	1
172	174	1	1
172	107	1	1
173	172	1	1
173	174	1	1
173	107	1	1
174	172	1	1
174	173	1	1
174	107	1	1
107	172	1	1
107	173	1	1
107	174	1	1
172	49	2	1
49	172	3	1
172	245	4	1
245	172	5	1
172	250	6	1
250	172	7	1
173	49	2	1
49	173	3	1
173	245	4	1
245	173	5	1
173	250	6	1
250	173	7	1
174	49	2	1
49	174	3	1
174	245	4	1
245	174	5	1
174	250	6	1
250	174	7	1
107	245	4	3
245	107	5	3
34	61	0	1
34	62	0	2
35	61	0	1
35	62	0	1
61	34	0	1
61	35	0	1
61	62	0	1
62	34	0	2
62	35	0	1
62	61	0	1
175	176	1	1
175	107	1	1
175	177	1	1
176	175	1	1
176	107	1	2
176	177	1	1
107	175	1	1
107	176	1	2
107	177	1	1
177	175	1	1
177	176	1	1
177	107	1	1
175	34	2	1
34	175	3	1
175	35	2	1
35	175	3	1
175	61	2	1
61	175	3	1
175	62	2	1
62	175	3	1
175	245	4	1
245	175	5	1
175	249	6	1
249	175	7	1
176	34	2	1
34	176	3	1
176	35	2	1
35	176	3	1
176	61	2	1
61	176	3	1
176	62	2	1
62	176	3	1
176	245	4	2
245	176	5	2
176	249	6	2
249	176	7	2
107	35	2	1
35	107	3	1
107	61	2	1
61	107	3	1
107	62	2	1
62	107	3	1
177	34	2	1
34	177	3	1
177	35	2	1
35	177	3	1
177	61	2	1
61	177	3	1
177	62	2	1
62	177	3	1
177	245	4	1
245	177	5	1
177	249	6	1
249	177	7	1
63	44	0	1
44	63	0	1
154	178	1	1
154	179	1	1
178	154	1	1
178	179	1	1
178	103	1	1
179	154	1	1
179	178	1	1
179	103	1	1
103	178	1	1
103	179	1	1
154	63	2	1
63	154	3	1
154	44	2	1
44	154	3	1
154	246	4	1
246	154	5	1
178	63	2	1
63	178	3	1
178	44	2	1
44	178	3	1
178	246	4	1
246	178	5	1
178	249	6	1
249	178	7	1
179	63	2	1
63	179	3	1
179	44	2	1
44	179	3	1
179	246	4	1
246	179	5	1
179	249	6	1
249	179	7	1
103	63	2	1
63	103	3	1
103	44	2	1
44	103	3	1
103	246	4	8
246	103	5	8
64	34	0	1
64	65	0	1
34	64	0	1
34	65	0	1
65	64	0	1
65	34	0	1
180	181	1	1
180	182	1	1
180	183	1	1
181	180	1	1
181	182	1	1
181	183	1	1
182	180	1	1
182	181	1	1
182	183	1	1
183	180	1	1
183	181	1	1
183	182	1	1
180	64	2	1
64	180	3	1
180	34	2	1
34	180	3	1
180	65	2	1
65	180	3	1
180	244	4	1
244	180	5	1
180	249	6	1
249	180	7	1
181	64	2	1
64	181	3	1
181	34	2	1
34	181	3	1
181	65	2	1
65	181	3	1
181	244	4	1
244	181	5	1
181	249	6	1
249	181	7	1
182	64	2	2
64	182	3	2
182	34	2	1
34	182	3	1
182	65	2	1
65	182	3	1
182	244	4	2
244	182	5	2
182	249	6	3
249	182	7	3
183	64	2	1
64	183	3	1
183	34	2	1
34	183	3	1
183	65	2	1
65	183	3	1
183	244	4	1
244	183	5	1
183	249	6	1
249	183	7	1
37	26	0	1
26	37	0	1
184	130	1	1
184	185	1	1
130	184	1	1
130	185	1	1
185	184	1	1
185	130	1	1
184	37	2	1
37	184	3	1
184	26	2	1
26	184	3	1
184	241	4	1
241	184	5	1
184	249	6	1
249	184	7	1
130	37	2	1
37	130	3	1
130	26	2	1
26	130	3	1
185	37	2	1
37	185	3	1
185	26	2	1
26	185	3	1
185	241	4	1
241	185	5	1
185	249	6	1
249	185	7	1
66	67	0	1
66	68	0	1
66	63	0	1
66	69	0	1
66	28	0	1
67	66	0	1
67	68	0	2
67	63	0	2
67	69	0	2
67	28	0	1
68	66	0	1
68	67	0	2
68	63	0	2
68	69	0	2
68	28	0	1
63	66	0	1
63	67	0	2
63	68	0	2
63	69	0	2
63	28	0	1
69	66	0	1
69	67	0	2
69	68	0	2
69	63	0	2
69	28	0	2
28	66	0	1
28	67	0	1
28	68	0	1
28	63	0	1
28	69	0	2
147	186	1	3
130	186	1	3
186	147	1	3
186	130	1	3
147	66	2	1
66	147	3	1
147	67	2	2
67	147	3	2
147	68	2	2
68	147	3	2
147	63	2	2
63	147	3	2
147	69	2	4
69	147	3	4
147	244	4	2
244	147	5	2
147	249	6	4
249	147	7	4
130	66	2	1
66	130	3	1
130	67	2	2
67	130	3	2
130	68	2	2
68	130	3	2
130	63	2	2
63	130	3	2
130	69	2	4
69	130	3	4
130	244	4	2
244	130	5	2
186	66	2	1
66	186	3	1
186	67	2	2
67	186	3	2
186	68	2	2
68	186	3	2
186	63	2	2
63	186	3	2
186	69	2	3
69	186	3	3
186	28	2	1
28	186	3	1
186	244	4	2
244	186	5	2
186	249	6	3
249	186	7	3
70	25	0	1
70	71	0	1
70	72	0	1
70	73	0	1
25	70	0	1
25	71	0	1
25	72	0	1
25	73	0	1
71	70	0	1
71	25	0	1
71	72	0	1
71	73	0	2
72	70	0	1
72	25	0	1
72	71	0	1
72	73	0	1
73	70	0	1
73	25	0	1
73	71	0	2
73	72	0	1
124	187	1	2
124	113	1	2
187	124	1	2
187	103	1	2
187	113	1	2
103	187	1	2
103	113	1	2
113	124	1	2
113	187	1	2
113	103	1	2
124	70	2	2
70	124	3	2
124	71	2	1
71	124	3	1
124	72	2	1
72	124	3	1
124	73	2	1
73	124	3	1
124	241	4	3
241	124	5	3
187	70	2	1
70	187	3	1
187	25	2	2
25	187	3	2
187	71	2	1
71	187	3	1
187	72	2	1
72	187	3	1
187	73	2	1
73	187	3	1
187	241	4	2
241	187	5	2
187	250	6	2
250	187	7	2
103	70	2	1
70	103	3	1
103	71	2	3
71	103	3	3
103	72	2	1
72	103	3	1
103	73	2	3
73	103	3	3
113	70	2	1
70	113	3	1
113	25	2	2
25	113	3	2
113	71	2	1
71	113	3	1
113	72	2	1
72	113	3	1
113	73	2	1
73	113	3	1
113	241	4	1
241	113	5	1
113	250	6	2
250	113	7	2
188	189	1	1
188	103	1	1
189	188	1	1
189	103	1	1
103	188	1	1
103	189	1	1
188	245	4	1
245	188	5	1
188	251	6	1
251	188	7	1
189	245	4	1
245	189	5	1
189	251	6	1
251	189	7	1
103	245	4	4
245	103	5	4
190	107	1	1
190	191	1	1
190	192	1	1
107	190	1	1
107	191	1	1
107	192	1	1
191	190	1	1
191	107	1	1
191	192	1	1
192	190	1	1
192	107	1	1
192	191	1	1
190	73	2	1
73	190	3	1
190	242	4	1
242	190	5	1
190	249	6	1
249	190	7	1
107	73	2	1
73	107	3	1
191	73	2	1
73	191	3	1
191	242	4	1
242	191	5	1
191	249	6	1
249	191	7	1
192	73	2	1
73	192	3	1
192	242	4	1
242	192	5	1
192	249	6	1
249	192	7	1
193	194	1	1
193	195	1	1
193	196	1	1
193	197	1	1
193	198	1	1
193	199	1	1
193	200	1	1
194	193	1	1
194	195	1	1
194	196	1	1
194	197	1	1
194	198	1	1
194	199	1	1
194	200	1	1
195	193	1	1
195	194	1	1
195	196	1	1
195	197	1	1
195	198	1	1
195	199	1	1
195	200	1	1
196	193	1	1
196	194	1	1
196	195	1	1
196	197	1	1
196	198	1	1
196	199	1	1
196	200	1	1
197	193	1	1
197	194	1	1
197	195	1	1
197	196	1	1
197	198	1	1
197	199	1	1
197	200	1	1
198	193	1	1
198	194	1	1
198	195	1	1
198	196	1	1
198	197	1	1
198	199	1	1
198	200	1	1
199	193	1	1
199	194	1	1
199	195	1	1
199	196	1	1
199	197	1	1
199	198	1	1
199	200	1	1
200	193	1	1
200	194	1	1
200	195	1	1
200	196	1	1
200	197	1	1
200	198	1	1
200	199	1	1
193	242	4	1
242	193	5	1
193	249	6	1
249	193	7	1
194	242	4	1
242	194	5	1
194	249	6	1
249	194	7	1
195	242	4	1
242	195	5	1
195	249	6	1
249	195	7	1
196	242	4	1
242	196	5	1
196	249	6	1
249	196	7	1
197	242	4	1
242	197	5	1
197	249	6	1
249	197	7	1
198	242	4	1
242	198	5	1
198	249	6	1
249	198	7	1
199	242	4	1
242	199	5	1
199	249	6	1
249	199	7	1
200	242	4	1
242	200	5	1
200	249	6	1
249	200	7	1
201	202	1	1
201	203	1	1
201	103	1	1
201	204	1	1
202	201	1	1
202	203	1	1
202	103	1	2
202	204	1	1
203	201	1	1
203	202	1	1
203	103	1	1
203	204	1	1
103	201	1	1
103	202	1	2
103	203	1	1
103	204	1	1
204	201	1	1
204	202	1	1
204	203	1	1
204	103	1	1
201	241	4	1
241	201	5	1
201	249	6	1
249	201	7	1
202	241	4	3
241	202	5	3
202	249	6	2
249	202	7	2
203	241	4	1
241	203	5	1
203	249	6	1
249	203	7	1
204	241	4	1
241	204	5	1
204	249	6	1
249	204	7	1
46	74	0	1
74	46	0	1
205	206	1	1
205	159	1	1
205	207	1	1
205	103	1	1
205	208	1	1
206	205	1	1
206	159	1	1
206	207	1	1
206	103	1	1
206	208	1	1
159	205	1	1
159	206	1	1
159	207	1	3
159	103	1	4
159	208	1	1
207	205	1	1
207	206	1	1
207	159	1	3
207	103	1	3
207	208	1	1
103	205	1	1
103	206	1	1
103	159	1	4
103	207	1	3
103	208	1	1
208	205	1	1
208	206	1	1
208	159	1	1
208	207	1	1
208	103	1	1
205	46	2	1
46	205	3	1
205	74	2	1
74	205	3	1
205	246	4	1
246	205	5	1
205	249	6	1
249	205	7	1
206	46	2	1
46	206	3	1
206	74	2	1
74	206	3	1
206	246	4	1
246	206	5	1
206	249	6	1
249	206	7	1
159	46	2	1
46	159	3	1
159	74	2	2
74	159	3	2
159	246	4	4
246	159	5	4
159	249	6	6
249	159	7	6
207	46	2	1
46	207	3	1
207	74	2	2
74	207	3	2
207	246	4	3
246	207	5	3
207	249	6	3
249	207	7	3
103	46	2	1
46	103	3	1
103	74	2	2
74	103	3	2
208	46	2	1
46	208	3	1
208	74	2	1
74	208	3	1
208	246	4	1
246	208	5	1
208	249	6	1
249	208	7	1
66	75	0	1
66	26	0	1
66	23	0	1
75	66	0	1
75	26	0	1
75	23	0	2
26	66	0	1
26	75	0	1
26	23	0	1
23	66	0	1
23	75	0	2
23	26	0	1
209	210	1	1
209	211	1	1
210	209	1	1
210	211	1	1
211	209	1	1
211	210	1	1
209	66	2	1
66	209	3	1
209	75	2	1
75	209	3	1
209	26	2	1
26	209	3	1
209	23	2	1
23	209	3	1
209	244	4	1
244	209	5	1
209	249	6	2
249	209	7	2
210	66	2	1
66	210	3	1
210	75	2	1
75	210	3	1
210	26	2	1
26	210	3	1
210	23	2	1
23	210	3	1
210	244	4	1
244	210	5	1
210	249	6	1
249	210	7	1
211	66	2	1
66	211	3	1
211	75	2	1
75	211	3	1
211	26	2	1
26	211	3	1
211	23	2	1
23	211	3	1
211	244	4	1
244	211	5	1
211	249	6	1
249	211	7	1
52	76	0	2
52	77	0	1
52	78	0	1
52	79	0	1
52	80	0	1
76	52	0	2
76	77	0	1
76	78	0	1
76	79	0	1
76	80	0	1
77	52	0	1
77	76	0	1
77	78	0	1
77	79	0	1
77	80	0	1
78	52	0	1
78	76	0	1
78	77	0	1
78	79	0	1
78	80	0	1
79	52	0	1
79	76	0	1
79	77	0	1
79	78	0	1
79	80	0	1
80	52	0	1
80	76	0	1
80	77	0	1
80	78	0	1
80	79	0	1
102	212	1	1
100	212	1	1
212	102	1	1
212	100	1	1
212	103	1	3
103	212	1	3
102	52	2	1
52	102	3	1
102	76	2	1
76	102	3	1
102	77	2	1
77	102	3	1
102	78	2	1
78	102	3	1
102	79	2	1
79	102	3	1
102	80	2	1
80	102	3	1
102	246	4	1
246	102	5	1
100	52	2	1
52	100	3	1
100	76	2	1
76	100	3	1
100	77	2	1
77	100	3	1
100	78	2	1
78	100	3	1
100	79	2	1
79	100	3	1
100	80	2	1
80	100	3	1
100	246	4	1
246	100	5	1
212	52	2	1
52	212	3	1
212	76	2	1
76	212	3	1
212	77	2	1
77	212	3	1
212	78	2	1
78	212	3	1
212	79	2	1
79	212	3	1
212	80	2	1
80	212	3	1
212	246	4	3
246	212	5	3
212	249	6	3
249	212	7	3
103	52	2	4
52	103	3	4
103	76	2	2
76	103	3	2
103	77	2	2
77	103	3	2
103	78	2	1
78	103	3	1
103	79	2	1
79	103	3	1
103	80	2	1
80	103	3	1
213	124	1	1
213	214	1	1
124	213	1	1
124	214	1	1
214	213	1	1
214	124	1	1
213	81	2	1
81	213	3	1
213	242	4	1
242	213	5	1
213	249	6	1
249	213	7	1
124	81	2	1
81	124	3	1
124	249	6	3
249	124	7	3
214	81	2	1
81	214	3	1
214	242	4	1
242	214	5	1
214	249	6	1
249	214	7	1
82	51	0	1
82	28	0	1
82	48	0	1
82	71	0	1
82	69	0	1
82	38	0	1
51	82	0	1
51	28	0	1
51	48	0	1
51	71	0	1
51	69	0	1
51	38	0	1
28	82	0	1
28	51	0	1
28	48	0	1
28	71	0	1
28	38	0	1
48	82	0	1
48	51	0	1
48	28	0	1
48	71	0	1
48	69	0	1
71	82	0	1
71	51	0	1
71	28	0	1
71	48	0	1
71	69	0	1
71	38	0	1
69	82	0	1
69	51	0	1
69	48	0	1
69	71	0	1
69	38	0	1
38	82	0	1
38	51	0	1
38	28	0	1
38	71	0	1
38	69	0	1
215	216	1	1
215	130	1	1
215	147	1	1
216	215	1	1
216	130	1	1
216	147	1	1
130	215	1	1
130	216	1	1
147	215	1	1
147	216	1	1
215	82	2	1
82	215	3	1
215	51	2	1
51	215	3	1
215	28	2	1
28	215	3	1
215	48	2	1
48	215	3	1
215	71	2	1
71	215	3	1
215	69	2	1
69	215	3	1
215	38	2	1
38	215	3	1
215	246	4	1
246	215	5	1
215	249	6	1
249	215	7	1
216	82	2	1
82	216	3	1
216	51	2	1
51	216	3	1
216	28	2	1
28	216	3	1
216	48	2	1
48	216	3	1
216	71	2	1
71	216	3	1
216	69	2	1
69	216	3	1
216	38	2	1
38	216	3	1
216	246	4	1
246	216	5	1
216	249	6	1
249	216	7	1
130	82	2	1
82	130	3	1
130	51	2	1
51	130	3	1
130	48	2	2
48	130	3	2
130	71	2	2
71	130	3	2
130	38	2	1
38	130	3	1
130	246	4	3
246	130	5	3
147	82	2	1
82	147	3	1
147	51	2	1
51	147	3	1
147	48	2	1
48	147	3	1
147	71	2	1
71	147	3	1
147	38	2	1
38	147	3	1
147	246	4	2
246	147	5	2
150	217	1	1
217	150	1	1
150	249	6	1
249	150	7	1
217	242	4	1
242	217	5	1
217	249	6	1
249	217	7	1
130	218	1	1
130	219	1	2
218	130	1	1
218	219	1	1
219	130	1	2
219	218	1	1
130	12	2	1
12	130	3	1
130	245	4	3
245	130	5	3
218	12	2	1
12	218	3	1
218	245	4	1
245	218	5	1
218	250	6	1
250	218	7	1
219	12	2	1
12	219	3	1
219	245	4	1
245	219	5	1
219	250	6	1
250	219	7	1
83	28	0	1
83	84	0	1
83	34	0	1
83	43	0	1
28	83	0	1
28	84	0	1
28	34	0	1
28	43	0	1
84	83	0	1
84	28	0	1
84	34	0	1
84	43	0	1
34	83	0	1
34	28	0	1
34	84	0	1
34	43	0	1
43	83	0	1
43	28	0	1
43	84	0	1
43	34	0	1
103	220	1	2
220	103	1	2
220	124	1	1
220	125	1	1
124	220	1	1
125	220	1	1
103	83	2	4
83	103	3	4
103	84	2	1
84	103	3	1
103	43	2	1
43	103	3	1
220	83	2	2
83	220	3	2
220	28	2	1
28	220	3	1
220	84	2	1
84	220	3	1
220	34	2	1
34	220	3	1
220	43	2	1
43	220	3	1
220	242	4	1
242	220	5	1
220	249	6	2
249	220	7	2
124	83	2	1
83	124	3	1
124	84	2	1
84	124	3	1
124	43	2	1
43	124	3	1
125	83	2	1
83	125	3	1
125	84	2	1
84	125	3	1
125	43	2	1
43	125	3	1
125	249	6	1
249	125	7	1
212	85	2	2
85	212	3	2
103	85	2	3
85	103	3	3
141	245	4	1
245	141	5	1
141	249	6	1
249	141	7	1
86	43	0	1
86	37	0	1
86	20	0	1
43	86	0	1
43	37	0	1
43	20	0	1
37	86	0	1
37	43	0	1
37	20	0	1
20	86	0	1
20	43	0	1
20	37	0	1
182	221	1	4
221	182	1	4
182	86	2	2
86	182	3	2
182	43	2	1
43	182	3	1
182	37	2	1
37	182	3	1
182	20	2	1
20	182	3	1
182	241	4	1
241	182	5	1
221	86	2	2
86	221	3	2
221	43	2	1
43	221	3	1
221	37	2	1
37	221	3	1
221	20	2	1
20	221	3	1
221	241	4	1
241	221	5	1
221	249	6	2
249	221	7	2
141	246	4	3
246	141	5	3
141	250	6	3
250	141	7	3
83	71	0	1
71	83	0	1
152	103	1	2
152	157	1	1
103	152	1	2
157	152	1	1
152	83	2	2
83	152	3	2
152	71	2	1
71	152	3	1
157	83	2	1
83	157	3	1
157	71	2	1
71	157	3	1
157	241	4	2
241	157	5	2
87	71	0	1
71	87	0	1
182	87	2	1
87	182	3	1
182	71	2	1
71	182	3	1
182	250	6	2
250	182	7	2
221	87	2	1
87	221	3	1
221	71	2	1
71	221	3	1
221	244	4	1
244	221	5	1
221	250	6	2
250	221	7	2
127	249	6	1
249	127	7	1
126	249	6	1
249	126	7	1
222	223	1	2
222	212	1	1
222	103	1	3
222	224	1	2
223	222	1	2
223	212	1	1
223	103	1	2
223	224	1	1
212	222	1	1
212	223	1	1
212	224	1	1
103	222	1	3
103	223	1	2
103	224	1	2
224	222	1	2
224	223	1	1
224	212	1	1
224	103	1	2
222	85	2	1
85	222	3	1
222	246	4	1
246	222	5	1
222	249	6	3
249	222	7	3
223	85	2	1
85	223	3	1
223	246	4	1
246	223	5	1
223	249	6	2
249	223	7	2
224	85	2	1
85	224	3	1
224	246	4	1
246	224	5	1
224	249	6	2
249	224	7	2
22	83	0	1
83	22	0	1
159	225	1	2
207	225	1	2
225	159	1	2
225	207	1	2
225	103	1	2
103	225	1	2
159	22	2	1
22	159	3	1
159	83	2	1
83	159	3	1
207	22	2	1
22	207	3	1
207	83	2	1
83	207	3	1
225	22	2	1
22	225	3	1
225	83	2	1
83	225	3	1
225	246	4	2
246	225	5	2
225	249	6	2
249	225	7	2
103	22	2	1
22	103	3	1
28	88	0	3
28	28	0	2
27	88	0	1
88	28	0	3
88	27	0	1
124	88	2	1
88	124	3	1
103	88	2	2
88	103	3	2
40	28	0	1
28	40	0	1
103	40	2	1
40	103	3	1
89	78	0	1
89	90	0	1
89	69	0	2
78	89	0	1
78	90	0	1
78	69	0	1
90	89	0	1
90	78	0	1
90	69	0	1
69	89	0	2
69	78	0	1
69	90	0	1
226	89	2	1
89	226	3	1
226	78	2	1
78	226	3	1
226	90	2	1
90	226	3	1
226	69	2	1
69	226	3	1
226	244	4	1
244	226	5	1
226	249	6	1
249	226	7	1
227	91	2	1
91	227	3	1
227	241	4	1
241	227	5	1
227	249	6	1
249	227	7	1
202	46	2	1
46	202	3	1
202	250	6	1
250	202	7	1
228	244	4	1
244	228	5	1
228	249	6	1
249	228	7	1
85	92	0	1
85	26	0	1
92	85	0	1
92	26	0	1
26	85	0	1
26	92	0	1
159	85	2	1
85	159	3	1
159	92	2	1
92	159	3	1
159	26	2	1
26	159	3	1
103	92	2	2
92	103	3	2
93	47	0	1
47	93	0	1
176	114	1	1
114	176	1	1
176	93	2	1
93	176	3	1
176	47	2	1
47	176	3	1
114	93	2	1
93	114	3	1
114	47	2	1
47	114	3	1
114	245	4	1
245	114	5	1
107	93	2	1
93	107	3	1
229	230	1	2
230	229	1	2
229	93	2	1
93	229	3	1
229	241	4	2
241	229	5	2
229	249	6	2
249	229	7	2
230	93	2	1
93	230	3	1
230	241	4	2
241	230	5	2
230	249	6	2
249	230	7	2
231	232	1	1
231	103	1	1
232	231	1	1
232	103	1	1
103	231	1	1
103	232	1	1
231	247	4	1
247	231	5	1
231	252	6	1
252	231	7	1
232	247	4	1
247	232	5	1
232	252	6	1
252	232	7	1
103	247	4	1
247	103	5	1
103	252	6	1
252	103	7	1
60	89	0	1
60	69	0	2
89	60	0	1
69	60	0	2
147	60	2	2
60	147	3	2
147	89	2	1
89	147	3	1
130	60	2	2
60	130	3	2
130	89	2	1
89	130	3	1
186	60	2	2
60	186	3	2
186	89	2	1
89	186	3	1
14	72	0	1
72	14	0	1
159	233	1	2
159	105	1	2
233	159	1	2
233	105	1	2
105	159	1	2
105	233	1	2
159	14	2	1
14	159	3	1
159	72	2	1
72	159	3	1
159	242	4	1
242	159	5	1
233	14	2	1
14	233	3	1
233	72	2	1
72	233	3	1
233	242	4	1
242	233	5	1
233	249	6	2
249	233	7	2
105	72	2	1
72	105	3	1
73	13	0	1
13	73	0	1
13	71	0	1
71	13	0	1
154	234	1	1
234	154	1	1
234	103	1	2
234	158	1	2
103	234	1	2
158	234	1	2
154	73	2	1
73	154	3	1
154	13	2	1
13	154	3	1
154	71	2	1
71	154	3	1
154	241	4	1
241	154	5	1
234	73	2	1
73	234	3	1
234	13	2	1
13	234	3	1
234	71	2	1
71	234	3	1
234	241	4	1
241	234	5	1
234	249	6	2
249	234	7	2
103	13	2	1
13	103	3	1
158	73	2	1
73	158	3	1
158	13	2	1
13	158	3	1
158	71	2	1
71	158	3	1
158	241	4	1
241	158	5	1
94	42	0	1
94	61	0	1
94	28	0	2
94	19	0	1
94	88	0	1
42	94	0	1
42	61	0	1
42	28	0	1
42	19	0	1
42	88	0	1
61	94	0	1
61	42	0	1
61	28	0	1
61	19	0	1
61	88	0	1
28	94	0	2
28	42	0	1
28	61	0	1
19	94	0	1
19	42	0	1
19	61	0	1
19	88	0	1
88	94	0	1
88	42	0	1
88	61	0	1
88	19	0	1
235	103	1	1
235	125	1	1
103	235	1	1
125	235	1	1
235	94	2	1
94	235	3	1
235	42	2	1
42	235	3	1
235	61	2	1
61	235	3	1
235	28	2	1
28	235	3	1
235	19	2	1
19	235	3	1
235	88	2	1
88	235	3	1
235	241	4	1
241	235	5	1
235	250	6	1
250	235	7	1
103	94	2	2
94	103	3	2
103	42	2	1
42	103	3	1
103	61	2	1
61	103	3	1
125	94	2	1
94	125	3	1
125	42	2	1
42	125	3	1
125	61	2	1
61	125	3	1
125	88	2	1
88	125	3	1
125	241	4	2
241	125	5	2
14	95	0	1
14	48	0	1
95	14	0	1
95	48	0	1
48	14	0	1
48	95	0	1
219	14	2	1
14	219	3	1
219	95	2	1
95	219	3	1
219	48	2	1
48	219	3	1
219	242	4	1
242	219	5	1
219	249	6	1
249	219	7	1
130	14	2	2
14	130	3	2
130	95	2	1
95	130	3	1
77	24	0	1
77	95	0	1
24	77	0	1
24	95	0	1
95	77	0	1
95	24	0	1
236	103	1	1
103	236	1	1
236	77	2	1
77	236	3	1
236	24	2	1
24	236	3	1
236	95	2	1
95	236	3	1
236	245	4	1
245	236	5	1
236	249	6	2
249	236	7	2
103	95	2	1
95	103	3	1
34	29	0	1
62	29	0	1
29	34	0	1
29	62	0	1
130	125	1	1
125	130	1	1
130	34	2	1
34	130	3	1
130	62	2	1
62	130	3	1
130	29	2	1
29	130	3	1
125	62	2	1
62	125	3	1
79	69	0	1
69	79	0	1
235	79	2	1
79	235	3	1
235	69	2	1
69	235	3	1
235	246	4	2
246	235	5	2
235	249	6	2
249	235	7	2
80	56	0	1
56	80	0	1
237	80	2	1
80	237	3	1
237	56	2	1
56	237	3	1
237	241	4	1
241	237	5	1
237	249	6	1
249	237	7	1
96	73	0	1
96	56	0	2
73	96	0	1
73	56	0	1
56	96	0	2
56	73	0	1
130	96	2	1
96	130	3	1
130	73	2	1
73	130	3	1
130	56	2	1
56	130	3	1
59	83	0	1
59	82	0	1
59	52	0	1
59	73	0	1
83	59	0	1
83	82	0	1
83	52	0	1
83	73	0	1
82	59	0	1
82	83	0	1
82	52	0	1
82	73	0	1
52	59	0	1
52	83	0	1
52	82	0	1
52	73	0	1
73	59	0	1
73	83	0	1
73	82	0	1
73	52	0	1
202	152	1	1
202	220	1	1
152	202	1	1
152	220	1	1
220	202	1	1
220	152	1	1
202	59	2	1
59	202	3	1
202	83	2	1
83	202	3	1
202	82	2	1
82	202	3	1
202	52	2	1
52	202	3	1
202	73	2	1
73	202	3	1
152	59	2	1
59	152	3	1
152	82	2	1
82	152	3	1
152	73	2	1
73	152	3	1
220	59	2	1
59	220	3	1
220	82	2	1
82	220	3	1
220	52	2	1
52	220	3	1
220	73	2	1
73	220	3	1
220	241	4	1
241	220	5	1
103	59	2	1
59	103	3	1
103	82	2	1
82	103	3	1
64	91	0	1
64	45	0	1
64	86	0	1
91	64	0	1
91	45	0	1
91	86	0	1
45	64	0	1
45	91	0	1
45	86	0	1
86	64	0	1
86	91	0	1
86	45	0	1
221	64	2	1
64	221	3	1
221	91	2	1
91	221	3	1
221	45	2	1
45	221	3	1
221	248	4	1
248	221	5	1
182	91	2	1
91	182	3	1
182	45	2	1
45	182	3	1
182	248	4	1
248	182	5	1
141	17	2	1
17	141	3	1
142	17	2	1
17	142	3	1
142	246	4	1
246	142	5	1
142	250	6	1
250	142	7	1
232	236	1	1
236	232	1	1
232	87	2	1
87	232	3	1
232	244	4	1
244	232	5	1
232	249	6	1
249	232	7	1
236	87	2	1
87	236	3	1
236	244	4	1
244	236	5	1
222	76	2	1
76	222	3	1
222	52	2	1
52	222	3	1
222	241	4	2
241	222	5	2
223	76	2	1
76	223	3	1
223	52	2	1
52	223	3	1
223	241	4	1
241	223	5	1
97	28	0	1
28	97	0	1
238	97	2	1
97	238	3	1
238	28	2	1
28	238	3	1
238	247	4	1
247	238	5	1
238	252	6	1
252	238	7	1
233	241	4	1
241	233	5	1
105	241	4	1
241	105	5	1
209	43	2	1
43	209	3	1
209	246	4	1
246	209	5	1
60	67	0	1
60	68	0	1
60	63	0	1
67	60	0	1
68	60	0	1
63	60	0	1
186	246	4	1
246	186	5	1
28	98	0	2
28	50	0	1
28	99	0	2
31	98	0	1
31	50	0	1
31	99	0	1
98	28	0	2
98	31	0	1
98	50	0	1
98	99	0	1
50	28	0	1
50	31	0	1
50	98	0	1
50	99	0	1
99	28	0	2
99	31	0	1
99	98	0	1
99	50	0	1
103	98	2	2
98	103	3	2
103	50	2	1
50	103	3	1
103	99	2	2
99	103	3	2
130	98	2	1
98	130	3	1
130	50	2	1
50	130	3	1
130	99	2	1
99	130	3	1
39	28	0	1
39	57	0	1
39	37	0	1
39	65	0	1
28	39	0	1
28	57	0	1
28	37	0	1
28	65	0	1
57	39	0	1
57	28	0	1
57	37	0	1
57	65	0	1
37	39	0	1
37	28	0	1
37	57	0	1
37	65	0	1
65	39	0	1
65	28	0	1
65	57	0	1
65	37	0	1
170	39	2	1
39	170	3	1
170	28	2	1
28	170	3	1
170	57	2	1
57	170	3	1
170	37	2	1
37	170	3	1
170	65	2	1
65	170	3	1
170	241	4	1
241	170	5	1
94	98	0	1
94	58	0	1
94	90	0	1
98	94	0	1
98	58	0	1
98	90	0	1
28	58	0	1
28	90	0	1
58	94	0	1
58	98	0	1
58	28	0	1
58	90	0	1
90	94	0	1
90	98	0	1
90	28	0	1
90	58	0	1
103	90	2	1
90	103	3	1
55	25	0	1
55	47	0	1
25	55	0	1
25	47	0	1
47	55	0	1
47	25	0	1
113	55	2	1
55	113	3	1
113	47	2	1
47	113	3	1
113	245	4	1
245	113	5	1
103	47	2	1
47	103	3	1
124	55	2	1
55	124	3	1
124	47	2	1
47	124	3	1
124	245	4	1
245	124	5	1
187	55	2	1
55	187	3	1
187	47	2	1
47	187	3	1
187	245	4	1
245	187	5	1
39	14	0	1
14	39	0	1
133	39	2	1
39	133	3	1
133	14	2	1
14	133	3	1
133	245	4	1
245	133	5	1
133	249	6	1
249	133	7	1
23	92	0	1
92	23	0	1
222	157	1	1
157	222	1	1
157	224	1	1
224	157	1	1
222	23	2	1
23	222	3	1
222	92	2	1
92	222	3	1
157	23	2	1
23	157	3	1
157	92	2	1
92	157	3	1
103	23	2	1
23	103	3	1
224	23	2	1
23	224	3	1
224	92	2	1
92	224	3	1
224	241	4	1
241	224	5	1
97	84	0	1
97	65	0	1
97	26	0	1
97	61	0	1
84	97	0	1
84	65	0	1
84	26	0	1
84	61	0	1
65	97	0	1
65	84	0	1
65	26	0	1
65	61	0	1
26	97	0	1
26	84	0	1
26	65	0	1
26	61	0	1
61	97	0	1
61	84	0	1
61	65	0	1
61	26	0	1
239	97	2	1
97	239	3	1
239	84	2	1
84	239	3	1
239	65	2	1
65	239	3	1
239	26	2	1
26	239	3	1
239	61	2	1
61	239	3	1
239	241	4	1
241	239	5	1
239	250	6	1
250	239	7	1
217	134	1	1
217	133	1	1
217	136	1	1
134	217	1	1
133	217	1	1
136	217	1	1
217	50	2	1
50	217	3	1
217	241	4	1
241	217	5	1
217	250	6	1
250	217	7	1
134	50	2	1
50	134	3	1
134	241	4	1
241	134	5	1
133	50	2	1
50	133	3	1
133	241	4	1
241	133	5	1
136	50	2	1
50	136	3	1
136	241	4	1
241	136	5	1
0	96	0	1
0	56	0	1
0	23	0	1
96	0	0	1
96	23	0	1
56	0	0	1
56	23	0	1
23	0	0	1
23	96	0	1
23	56	0	1
182	0	2	1
0	182	3	1
182	96	2	1
96	182	3	1
182	56	2	1
56	182	3	1
182	23	2	1
23	182	3	1
182	246	4	1
246	182	5	1
221	0	2	1
0	221	3	1
221	96	2	1
96	221	3	1
221	56	2	1
56	221	3	1
221	23	2	1
23	221	3	1
221	246	4	1
246	221	5	1
187	249	6	1
249	187	7	1
81	36	0	1
36	81	0	1
229	81	2	1
81	229	3	1
229	36	2	1
36	229	3	1
230	81	2	1
81	230	3	1
230	36	2	1
36	230	3	1
99	54	0	1
54	99	0	1
234	99	2	1
99	234	3	1
234	54	2	1
54	234	3	1
234	28	2	1
28	234	3	1
234	245	4	1
245	234	5	1
158	99	2	1
99	158	3	1
158	245	4	1
245	158	5	1
75	16	0	1
75	15	0	1
23	16	0	1
23	15	0	1
16	75	0	1
16	23	0	1
15	75	0	1
15	23	0	1
235	75	2	1
75	235	3	1
235	23	2	1
23	235	3	1
235	16	2	1
16	235	3	1
235	15	2	1
15	235	3	1
52	71	0	1
52	31	0	1
71	52	0	1
71	53	0	1
71	31	0	1
53	71	0	1
53	31	0	1
31	52	0	1
31	71	0	1
31	53	0	1
130	52	2	1
52	130	3	1
130	53	2	1
53	130	3	1
52	74	0	1
74	52	0	1
225	52	2	1
52	225	3	1
225	74	2	1
74	225	3	1
159	52	2	1
52	159	3	1
207	52	2	1
52	207	3	1
30	17	0	1
17	30	0	1
240	30	2	1
30	240	3	1
240	17	2	1
17	240	3	1
240	242	4	1
242	240	5	1
240	249	6	1
249	240	7	1
104	176	8	1
176	104	9	1
104	114	8	1
114	104	9	1
104	107	8	1
107	104	9	1
105	176	8	1
176	105	9	1
105	114	8	1
114	105	9	1
105	107	8	1
107	105	9	1
106	176	8	1
176	106	9	1
106	114	8	1
114	106	9	1
106	107	8	1
107	106	9	1
107	176	8	1
176	107	9	1
107	114	8	1
114	107	9	1
103	130	8	8
130	103	9	8
103	164	8	2
164	103	9	2
103	165	8	2
165	103	9	2
103	166	8	2
166	103	9	2
103	167	8	2
167	103	9	2
130	103	8	4
103	130	9	4
130	164	8	1
164	130	9	1
130	165	8	1
165	130	9	1
130	166	8	1
166	130	9	1
130	167	8	1
167	130	9	1
154	234	8	1
234	154	9	1
154	103	8	2
103	154	9	2
154	158	8	1
158	154	9	1
155	234	8	1
234	155	9	1
155	103	8	1
103	155	9	1
155	158	8	1
158	155	9	1
128	234	8	1
234	128	9	1
128	103	8	1
103	128	9	1
128	158	8	1
158	128	9	1
156	234	8	1
234	156	9	1
156	103	8	1
103	156	9	1
156	158	8	1
158	156	9	1
157	234	8	1
234	157	9	1
157	103	8	1
103	157	9	1
157	158	8	1
158	157	9	1
103	234	8	1
234	103	9	1
103	158	8	2
158	103	9	2
158	234	8	1
234	158	9	1
158	103	8	3
103	158	9	3
162	103	8	2
103	162	9	2
162	130	8	2
130	162	9	2
106	103	8	2
103	106	9	2
106	130	8	2
130	106	9	2
107	103	8	2
103	107	9	2
107	130	8	2
130	107	9	2
163	103	8	2
103	163	9	2
163	130	8	2
130	163	9	2
164	103	8	1
103	164	9	1
164	130	8	1
130	164	9	1
165	103	8	1
103	165	9	1
165	130	8	1
130	165	9	1
166	103	8	1
103	166	9	1
166	130	8	1
130	166	9	1
167	103	8	1
103	167	9	1
167	130	8	1
130	167	9	1
188	103	8	1
103	188	9	1
188	130	8	1
130	188	9	1
189	103	8	1
103	189	9	1
189	130	8	1
130	189	9	1
213	103	8	1
103	213	9	1
213	130	8	1
130	213	9	1
124	103	8	2
103	124	9	2
124	130	8	2
130	124	9	2
214	103	8	1
103	214	9	1
214	130	8	1
130	214	9	1
215	103	8	1
103	215	9	1
215	130	8	1
130	215	9	1
216	103	8	1
103	216	9	1
216	130	8	1
130	216	9	1
147	103	8	1
103	147	9	1
147	130	8	1
130	147	9	1
222	103	8	1
103	222	9	1
222	130	8	1
130	222	9	1
223	103	8	1
103	223	9	1
223	130	8	1
130	223	9	1
212	103	8	1
103	212	9	1
212	130	8	1
130	212	9	1
224	103	8	1
103	224	9	1
224	130	8	1
130	224	9	1
229	130	8	1
130	229	9	1
229	218	8	1
218	229	9	1
229	219	8	1
219	229	9	1
230	130	8	1
130	230	9	1
230	218	8	1
218	230	9	1
230	219	8	1
219	230	9	1
154	124	8	1
124	154	9	1
154	187	8	1
187	154	9	1
154	113	8	1
113	154	9	1
234	124	8	1
124	234	9	1
234	187	8	1
187	234	9	1
234	103	8	2
103	234	9	2
234	113	8	1
113	234	9	1
103	124	8	1
124	103	9	1
103	187	8	1
187	103	9	1
103	113	8	1
113	103	9	1
158	124	8	1
124	158	9	1
158	187	8	1
187	158	9	1
158	113	8	1
113	158	9	1
170	162	8	1
162	170	9	1
170	106	8	1
106	170	9	1
170	107	8	1
107	170	9	1
170	163	8	1
163	170	9	1
113	103	8	1
103	113	9	1
113	130	8	1
130	113	9	1
187	103	8	1
103	187	9	1
187	130	8	1
130	187	9	1
130	218	8	1
218	130	9	1
130	219	8	1
219	130	9	1
229	124	8	1
124	229	9	1
229	125	8	1
125	229	9	1
229	103	8	1
103	229	9	1
230	124	8	1
124	230	9	1
230	125	8	1
125	230	9	1
230	103	8	1
103	230	9	1
234	154	8	1
154	234	9	1
234	155	8	1
155	234	9	1
234	128	8	1
128	234	9	1
234	156	8	1
156	234	9	1
234	157	8	1
157	234	9	1
234	158	8	1
158	234	9	1
103	154	8	1
154	103	9	1
103	155	8	1
155	103	9	1
103	128	8	1
128	103	9	1
103	156	8	1
156	103	9	1
103	157	8	1
157	103	9	1
158	154	8	1
154	158	9	1
158	155	8	1
155	158	9	1
158	128	8	1
128	158	9	1
158	156	8	1
156	158	9	1
158	157	8	1
157	158	9	1
